[-171.60,4.00,0.00]
[-206.40,4.20,0.00]
[-255.90,0.20,0.00]
[-272.10,-43.90,0.00]
[-205.50,-95.00,0.00]
[-185.50,-142.40,0.00]
[-151.10,-151.00,0.00]
[-101.40,-154.70,0.00]
[-47.80,-117.20,0.00]
[-43.80,-56.80,0.00]
[-43.90,-17.10,0.00]
[3.00,-2.70,0.00]
[47.80,-1.80,0.00]
[89.00,-5.50,0.00]
[45.90,-84.90,0.00]
[31.30,19.30,0.00]
[36.30,67.20,0.00]
[38.60,155.10,0.00]
[74.00,190.20,0.00]
[154.10,177.30,0.00]
[189.20,52.80,0.00]
[174.40,-148.00,0.00]
[10.20,-187.90,0.00]
[-145.80,-190.90,8.60]
[-232.60,28.10,10.00]
[-119.40,186.60,10.00]
[84.70,144.10,0.00]
[148.10,112.20,0.00]
[151.40,15.20,0.00]
[124.70,1.90,0.00]
[96.20,-28.60,0.00]
[-9.50,-88.30,0.00]
[-83.20,-87.70,0.00]
[-124.30,-42.40,0.00]
[-121.80,28.10,0.00]
[-124.40,106.30,0.00]
[-80.20,133.30,0.00]
[-20.70,87.90,0.00]
[25.70,65.40,0.00]
[24.60,-30.70,0.00]